20 190
1 2 42
1 3 486
1 4 341
1 5 527
1 6 189
1 7 740
1 8 490
1 9 388
1 10 989
1 11 489
1 12 711
1 13 174
1 14 305
1 15 844
1 16 971
1 17 492
1 18 998
1 19 954
1 20 832
2 3 442
2 4 424
2 5 619
2 6 906
2 7 154
2 8 293
2 9 395
2 10 439
2 11 735
2 12 738
2 13 915
2 14 453
2 15 748
2 16 786
2 17 550
2 18 871
2 19 932
2 20 693
3 4 326
3 5 53
3 6 904
3 7 732
3 8 835
3 9 354
3 10 364
3 11 691
3 12 669
3 13 157
3 14 719
3 15 282
3 16 875
3 17 573
3 18 672
3 19 695
3 20 790
4 5 58
4 6 872
4 7 732
4 8 751
4 9 557
4 10 779
4 11 329
4 12 39
4 13 213
4 14 844
4 15 289
4 16 137
4 17 50
4 18 951
4 19 284
4 20 671
5 6 474
5 7 829
5 8 906
5 9 736
5 10 395
5 11 366
5 12 22
5 13 133
5 14 418
5 15 552
5 16 649
5 17 636
5 18 109
5 19 974
5 20 775
6 7 852
6 8 971
6 9 384
6 10 945
6 11 335
6 12 961
6 13 472
6 14 651
6 15 335
6 16 543
6 17 560
6 18 135
6 19 85
6 20 952
7 8 558
7 9 838
7 10 147
7 11 644
7 12 688
7 13 727
7 14 940
7 15 991
7 16 309
7 17 705
7 18 409
7 19 27
7 20 774
8 9 951
8 10 92
8 11 277
8 12 835
8 13 804
8 14 589
8 15 103
8 16 529
8 17 11
8 18 304
8 19 171
8 20 655
9 10 378
9 11 792
9 12 679
9 13 590
9 14 36
9 15 65
9 16 378
9 17 152
9 18 958
9 19 746
9 20 980
10 11 434
10 12 139
10 13 222
10 14 26
10 15 349
10 16 473
10 17 300
10 18 781
10 19 394
10 20 960
11 12 918
11 13 242
11 14 768
11 15 246
11 16 607
11 17 429
11 18 971
11 19 534
11 20 44
12 13 430
12 14 198
12 15 901
12 16 624
12 17 781
12 18 657
12 19 428
12 20 366
13 14 652
13 15 558
13 16 570
13 17 490
13 18 623
13 19 46
13 20 606
14 15 375
14 16 302
14 17 867
14 18 384
14 19 32
14 20 601
15 16 46
15 17 376
15 18 223
15 19 688
15 20 509
16 17 290
16 18 739
16 19 54
16 20 2
17 18 445
17 19 966
17 20 907
18 19 792
18 20 146
19 20 468
