50 1225
1 2 42
1 3 486
1 4 341
1 5 527
1 6 189
1 7 740
1 8 490
1 9 388
1 10 989
1 11 489
1 12 711
1 13 174
1 14 305
1 15 844
1 16 971
1 17 492
1 18 998
1 19 954
1 20 832
1 21 442
1 22 424
1 23 619
1 24 906
1 25 154
1 26 293
1 27 395
1 28 439
1 29 735
1 30 738
1 31 915
1 32 453
1 33 748
1 34 786
1 35 550
1 36 871
1 37 932
1 38 693
1 39 326
1 40 53
1 41 904
1 42 732
1 43 835
1 44 354
1 45 364
1 46 691
1 47 669
1 48 157
1 49 719
1 50 282
2 3 875
2 4 573
2 5 672
2 6 695
2 7 790
2 8 58
2 9 872
2 10 732
2 11 751
2 12 557
2 13 779
2 14 329
2 15 39
2 16 213
2 17 844
2 18 289
2 19 137
2 20 50
2 21 951
2 22 284
2 23 671
2 24 474
2 25 829
2 26 906
2 27 736
2 28 395
2 29 366
2 30 22
2 31 133
2 32 418
2 33 552
2 34 649
2 35 636
2 36 109
2 37 974
2 38 775
2 39 852
2 40 971
2 41 384
2 42 945
2 43 335
2 44 961
2 45 472
2 46 651
2 47 335
2 48 543
2 49 560
2 50 135
3 4 85
3 5 952
3 6 558
3 7 838
3 8 147
3 9 644
3 10 688
3 11 727
3 12 940
3 13 991
3 14 309
3 15 705
3 16 409
3 17 27
3 18 774
3 19 951
3 20 92
3 21 277
3 22 835
3 23 804
3 24 589
3 25 103
3 26 529
3 27 11
3 28 304
3 29 171
3 30 655
3 31 378
3 32 792
3 33 679
3 34 590
3 35 36
3 36 65
3 37 378
3 38 152
3 39 958
3 40 746
3 41 980
3 42 434
3 43 139
3 44 222
3 45 26
3 46 349
3 47 473
3 48 300
3 49 781
3 50 394
4 5 960
4 6 918
4 7 242
4 8 768
4 9 246
4 10 607
4 11 429
4 12 971
4 13 534
4 14 44
4 15 430
4 16 198
4 17 901
4 18 624
4 19 781
4 20 657
4 21 428
4 22 366
4 23 652
4 24 558
4 25 570
4 26 490
4 27 623
4 28 46
4 29 606
4 30 375
4 31 302
4 32 867
4 33 384
4 34 32
4 35 601
4 36 46
4 37 376
4 38 223
4 39 688
4 40 509
4 41 290
4 42 739
4 43 54
4 44 2
4 45 445
4 46 966
4 47 907
4 48 792
4 49 146
4 50 468
5 6 732
5 7 908
5 8 673
5 9 506
5 10 825
5 11 424
5 12 325
5 13 624
5 14 836
5 15 524
5 16 324
5 17 624
5 18 954
5 19 469
5 20 621
5 21 255
5 22 536
5 23 588
5 24 821
5 25 334
5 26 231
5 27 20
5 28 850
5 29 642
5 30 5
5 31 735
5 32 199
5 33 506
5 34 97
5 35 358
5 36 554
5 37 589
5 38 344
5 39 513
5 40 456
5 41 226
5 42 472
5 43 625
5 44 601
5 45 816
5 46 813
5 47 297
5 48 609
5 49 819
5 50 38
6 7 185
6 8 493
6 9 646
6 10 557
6 11 305
6 12 45
6 13 204
6 14 209
6 15 687
6 16 966
6 17 198
6 18 835
6 19 911
6 20 176
6 21 523
6 22 219
6 23 637
6 24 297
6 25 76
6 26 349
6 27 669
6 28 389
6 29 891
6 30 894
6 31 462
6 32 899
6 33 163
6 34 868
6 35 418
6 36 903
6 37 31
6 38 333
6 39 670
6 40 32
6 41 705
6 42 561
6 43 505
6 44 920
6 45 414
6 46 81
6 47 723
6 48 603
6 49 513
6 50 25
7 8 896
7 9 879
7 10 703
7 11 415
7 12 799
7 13 271
7 14 440
7 15 8
7 16 596
7 17 207
7 18 296
7 19 116
7 20 458
7 21 646
7 22 781
7 23 842
7 24 963
7 25 174
7 26 157
7 27 747
7 28 207
7 29 996
7 30 361
7 31 371
7 32 721
7 33 447
7 34 566
7 35 438
7 36 566
7 37 449
7 38 522
7 39 176
7 40 79
7 41 740
7 42 757
7 43 156
7 44 436
7 45 296
7 46 23
7 47 704
7 48 542
7 49 572
7 50 455
8 9 886
8 10 962
8 11 194
8 12 219
8 13 301
8 14 437
8 15 315
8 16 122
8 17 513
8 18 299
8 19 468
8 20 760
8 21 133
8 22 713
8 23 348
8 24 692
8 25 792
8 26 276
8 27 318
8 28 380
8 29 217
8 30 74
8 31 913
8 32 819
8 33 834
8 34 966
8 35 318
8 36 784
8 37 350
8 38 578
8 39 670
8 40 11
8 41 482
8 42 149
8 43 220
8 44 243
8 45 137
8 46 164
8 47 541
8 48 471
8 49 185
8 50 477
9 10 57
9 11 681
9 12 319
9 13 466
9 14 271
9 15 45
9 16 181
9 17 540
9 18 750
9 19 670
9 20 200
9 21 322
9 22 479
9 23 51
9 24 171
9 25 33
9 26 806
9 27 915
9 28 976
9 29 399
9 30 213
9 31 629
9 32 504
9 33 419
9 34 324
9 35 850
9 36 364
9 37 900
9 38 397
9 39 180
9 40 845
9 41 99
9 42 495
9 43 326
9 44 526
9 45 186
9 46 791
9 47 303
9 48 765
9 49 671
9 50 210
10 11 999
10 12 106
10 13 489
10 14 243
10 15 635
10 16 807
10 17 104
10 18 558
10 19 628
10 20 545
10 21 926
10 22 35
10 23 3
10 24 75
10 25 196
10 26 35
10 27 460
10 28 523
10 29 621
10 30 748
10 31 45
10 32 501
10 33 143
10 34 240
10 35 318
10 36 78
10 37 908
10 38 207
10 39 369
10 40 436
10 41 6
10 42 285
10 43 200
10 44 236
10 45 864
10 46 731
10 47 786
10 48 915
10 49 672
10 50 293
11 12 563
11 13 141
11 14 708
11 15 698
11 16 646
11 17 48
11 18 128
11 19 603
11 20 716
11 21 681
11 22 329
11 23 389
11 24 489
11 25 683
11 26 616
11 27 875
11 28 510
11 29 20
11 30 493
11 31 141
11 32 176
11 33 803
11 34 106
11 35 92
11 36 928
11 37 20
11 38 762
11 39 203
11 40 336
11 41 586
11 42 258
11 43 56
11 44 781
11 45 172
11 46 115
11 47 890
11 48 104
11 49 595
11 50 491
12 13 607
12 14 489
12 15 628
12 16 653
12 17 635
12 18 960
12 19 449
12 20 549
12 21 909
12 22 977
12 23 124
12 24 621
12 25 741
12 26 275
12 27 206
12 28 558
12 29 266
12 30 269
12 31 209
12 32 125
12 33 36
12 34 347
12 35 41
12 36 802
12 37 418
12 38 573
12 39 175
12 40 542
12 41 820
12 42 939
12 43 219
12 44 785
12 45 945
12 46 872
12 47 681
12 48 843
12 49 931
12 50 731
13 14 977
13 15 596
13 16 374
13 17 21
13 18 489
13 19 202
13 20 85
13 21 446
13 22 306
13 23 773
13 24 377
13 25 327
13 26 484
13 27 114
13 28 135
13 29 902
13 30 821
13 31 873
13 32 475
13 33 451
13 34 7
13 35 412
13 36 425
13 37 547
13 38 143
13 39 733
13 40 848
13 41 389
13 42 79
13 43 380
13 44 842
13 45 500
13 46 577
13 47 240
13 48 628
13 49 367
13 50 535
14 15 371
14 16 367
14 17 295
14 18 893
14 19 391
14 20 909
14 21 36
14 22 647
14 23 123
14 24 730
14 25 715
14 26 597
14 27 66
14 28 448
14 29 154
14 30 254
14 31 570
14 32 566
14 33 941
14 34 319
14 35 885
14 36 66
14 37 979
14 38 588
14 39 764
14 40 661
14 41 989
14 42 479
14 43 384
14 44 555
14 45 966
14 46 610
14 47 486
14 48 912
14 49 647
14 50 78
15 16 871
15 17 680
15 18 951
15 19 226
15 20 165
15 21 778
15 22 518
15 23 764
15 24 196
15 25 481
15 26 843
15 27 225
15 28 888
15 29 628
15 30 966
15 31 221
15 32 815
15 33 874
15 34 416
15 35 302
15 36 724
15 37 206
15 38 747
15 39 639
15 40 561
15 41 562
15 42 995
15 43 187
15 44 731
15 45 969
15 46 559
15 47 897
15 48 301
15 49 428
15 50 658
16 17 875
16 18 880
16 19 156
16 20 474
16 21 639
16 22 908
16 23 445
16 24 711
16 25 754
16 26 462
16 27 325
16 28 686
16 29 51
16 30 323
16 31 876
16 32 93
16 33 831
16 34 611
16 35 19
16 36 947
16 37 141
16 38 726
16 39 183
16 40 855
16 41 61
16 42 515
16 43 714
16 44 110
16 45 517
16 46 592
16 47 17
16 48 161
16 49 373
16 50 334
17 18 670
17 19 767
17 20 67
17 21 270
17 22 336
17 23 768
17 24 204
17 25 613
17 26 290
17 27 194
17 28 532
17 29 833
17 30 799
17 31 629
17 32 322
17 33 4
17 34 567
17 35 586
17 36 587
17 37 659
17 38 474
17 39 571
17 40 156
17 41 272
17 42 841
17 43 204
17 44 622
17 45 84
17 46 236
17 47 692
17 48 222
17 49 17
17 50 850
18 19 607
18 20 416
18 21 775
18 22 673
18 23 455
18 24 56
18 25 89
18 26 86
18 27 805
18 28 514
18 29 995
18 30 294
18 31 871
18 32 637
18 33 504
18 34 243
18 35 686
18 36 712
18 37 366
18 38 20
18 39 194
18 40 517
18 41 259
18 42 177
18 43 568
18 44 627
18 45 934
18 46 599
18 47 711
18 48 850
18 49 242
18 50 751
19 20 231
19 21 980
19 22 541
19 23 304
19 24 434
19 25 120
19 26 259
19 27 598
19 28 662
19 29 974
19 30 882
19 31 936
19 32 87
19 33 567
19 34 741
19 35 564
19 36 697
19 37 771
19 38 278
19 39 528
19 40 999
19 41 318
19 42 960
19 43 868
19 44 559
19 45 269
19 46 534
19 47 347
19 48 898
19 49 611
19 50 352
20 21 154
20 22 497
20 23 180
20 24 113
20 25 599
20 26 793
20 27 931
20 28 121
20 29 438
20 30 531
20 31 612
20 32 996
20 33 30
20 34 571
20 35 29
20 36 565
20 37 373
20 38 91
20 39 946
20 40 650
20 41 432
20 42 490
20 43 55
20 44 686
20 45 590
20 46 354
20 47 609
20 48 93
20 49 243
20 50 760
21 22 984
21 23 909
21 24 161
21 25 691
21 26 957
21 27 856
21 28 452
21 29 646
21 30 749
21 31 95
21 32 541
21 33 804
21 34 54
21 35 259
21 36 201
21 37 46
21 38 863
21 39 655
21 40 236
21 41 764
21 42 943
21 43 363
21 44 290
21 45 791
21 46 949
21 47 970
21 48 342
21 49 759
21 50 437
22 23 47
22 24 376
22 25 33
22 26 572
22 27 506
22 28 603
22 29 525
22 30 982
22 31 366
22 32 84
22 33 931
22 34 159
22 35 228
22 36 970
22 37 98
22 38 447
22 39 621
22 40 200
22 41 454
22 42 437
22 43 712
22 44 647
22 45 842
22 46 395
22 47 124
22 48 582
22 49 53
22 50 751
23 24 171
23 25 845
23 26 1
23 27 265
23 28 659
23 29 960
23 30 869
23 31 503
23 32 357
23 33 37
23 34 133
23 35 249
23 36 859
23 37 640
23 38 14
23 39 670
23 40 191
23 41 710
23 42 652
23 43 668
23 44 656
23 45 904
23 46 364
23 47 438
23 48 466
23 49 23
23 50 270
24 25 256
24 26 460
24 27 320
24 28 651
24 29 330
24 30 271
24 31 149
24 32 136
24 33 330
24 34 218
24 35 137
24 36 53
24 37 230
24 38 102
24 39 340
24 40 875
24 41 75
24 42 180
24 43 393
24 44 280
24 45 915
24 46 680
24 47 673
24 48 936
24 49 917
24 50 565
25 26 518
25 27 973
25 28 284
25 29 667
25 30 705
25 31 223
25 32 408
25 33 930
25 34 835
25 35 389
25 36 882
25 37 280
25 38 28
25 39 642
25 40 995
25 41 34
25 42 967
25 43 791
25 44 531
25 45 405
25 46 718
25 47 339
25 48 705
25 49 595
25 50 735
26 27 944
26 28 57
26 29 417
26 30 493
26 31 241
26 32 521
26 33 971
26 34 963
26 35 500
26 36 517
26 37 295
26 38 962
26 39 898
26 40 59
26 41 715
26 42 985
26 43 291
26 44 133
26 45 232
26 46 580
26 47 823
26 48 349
26 49 43
26 50 243
27 28 318
27 29 111
27 30 956
27 31 102
27 32 731
27 33 509
27 34 799
27 35 389
27 36 845
27 37 977
27 38 548
27 39 134
27 40 681
27 41 128
27 42 924
27 43 97
27 44 789
27 45 2
27 46 151
27 47 986
27 48 718
27 49 140
27 50 19
28 29 954
28 30 806
28 31 725
28 32 385
28 33 29
28 34 210
28 35 803
28 36 208
28 37 77
28 38 887
28 39 996
28 40 73
28 41 345
28 42 890
28 43 180
28 44 310
28 45 201
28 46 846
28 47 686
28 48 645
28 49 679
28 50 601
29 30 313
29 31 698
29 32 691
29 33 111
29 34 127
29 35 262
29 36 694
29 37 530
29 38 706
29 39 872
29 40 451
29 41 414
29 42 835
29 43 823
29 44 524
29 45 754
29 46 695
29 47 117
29 48 709
29 49 984
29 50 342
30 31 692
30 32 28
30 33 674
30 34 736
30 35 71
30 36 339
30 37 436
30 38 920
30 39 903
30 40 142
30 41 965
30 42 778
30 43 794
30 44 452
30 45 559
30 46 811
30 47 281
30 48 328
30 49 608
30 50 939
31 32 332
31 33 505
31 34 14
31 35 158
31 36 657
31 37 139
31 38 836
31 39 89
31 40 580
31 41 303
31 42 315
31 43 27
31 44 182
31 45 56
31 46 371
31 47 723
31 48 249
31 49 499
31 50 726
32 33 137
32 34 145
32 35 456
32 36 966
32 37 747
32 38 734
32 39 3
32 40 54
32 41 295
32 42 487
32 43 257
32 44 450
32 45 946
32 46 877
32 47 677
32 48 531
32 49 515
32 50 218
33 34 470
33 35 660
33 36 171
33 37 35
33 38 148
33 39 411
33 40 51
33 41 929
33 42 658
33 43 488
33 44 609
33 45 838
33 46 103
33 47 858
33 48 322
33 49 615
33 50 286
34 35 820
34 36 371
34 37 469
34 38 896
34 39 541
34 40 344
34 41 580
34 42 771
34 43 577
34 44 359
34 45 416
34 46 450
34 47 917
34 48 854
34 49 865
34 50 843
35 36 255
35 37 454
35 38 942
35 39 659
35 40 230
35 41 545
35 42 951
35 43 590
35 44 163
35 45 188
35 46 657
35 47 696
35 48 793
35 49 384
35 50 786
36 37 415
36 38 170
36 39 723
36 40 973
36 41 210
36 42 589
36 43 647
36 44 691
36 45 91
36 46 540
36 47 533
36 48 476
36 49 631
36 50 549
37 38 248
37 39 583
37 40 906
37 41 474
37 42 577
37 43 991
37 44 176
37 45 555
37 46 562
37 47 487
37 48 331
37 49 955
37 50 379
38 39 348
38 40 948
38 41 921
38 42 757
38 43 353
38 44 356
38 45 280
38 46 406
38 47 644
38 48 745
38 49 193
38 50 623
39 40 969
39 41 155
39 42 508
39 43 351
39 44 15
39 45 354
39 46 626
39 47 693
39 48 980
39 49 634
39 50 599
40 41 301
40 42 93
40 43 162
40 44 392
40 45 681
40 46 203
40 47 886
40 48 850
40 49 425
40 50 580
41 42 256
41 43 655
41 44 204
41 45 838
41 46 944
41 47 644
41 48 943
41 49 310
41 50 428
42 43 571
42 44 809
42 45 593
42 46 233
42 47 482
42 48 617
42 49 612
42 50 76
43 44 176
43 45 910
43 46 91
43 47 523
43 48 331
43 49 715
43 50 583
44 45 605
44 46 175
44 47 204
44 48 986
44 49 386
44 50 58
45 46 295
45 47 446
45 48 539
45 49 433
45 50 805
46 47 788
46 48 941
46 49 576
46 50 187
47 48 417
47 49 511
47 50 770
48 49 875
48 50 366
49 50 917
